480 320 883.103
560 400 870.89
560 480 847.85
480 560 842.693
480 640 846.768
480 720 852.01
480 800 859.13
400 880 864.689
320 960 867.929
320 1040 865.109
320 1120 863.063
400 1200 858.696
480 1280 859.457
480 1360 838.526
480 1440 827.689
560 1520 838.072
640 1600 835.709
720 1680 832.538
800 1760 831.627
880 1840 857.175
960 1920 848.932
1040 2000 862.141
1120 2080 899.29
1200 2160 952.957
1280 2240 983.728
1360 2320 1035.09
1440 2400 1060.04
1520 2400 1024.6
1600 2400 990.302
1680 2480 995.405
1760 2560 1003.9
1840 2640 1030.28
1920 2720 1052.89
2000 2800 1077.04
